93713
85462
95770
43899
18575
18161
90072
58102
15417
24384
72678
66603
27192
58605
42762
22979
14565
34684
43552
38940
29765
17803
47105
42446
53601
45037
02388
03012
90010
22353
29335
94124
12029
02876
61875
02980
41245
57062
23489
62240
81086
19681
09705
23942
42655
53290
24139
29170
43778
56505
05041
81076
33654
71053
82831
17488
44979
78023
53965
59922
68759
92028
11982
62300
88991
68001
63614
40041
32486
77013
26445
17526
07773
46992
53913
07496
10328
15468
69854
46280
03742
04997
22484
50135
34868
43087
30692
35520
86658
02953
51938
10191
72335
63956
36256
87161
65684
05298
03184
30990
48954
12493
23950
50445
55990
49483
63847
13695
67788
06900
60680
80394
48342
36316
52301
76207
64362
34413
31385
81693
22953
65655
44520
31329
68094
12313
13149
63650
43166
56777
48154
78173
11896
11977
06769
01160
21819
39103
47076
16557
55364
59152
84672
11967
58732
10364
38671
26766
48043
72592
47514
85188
30572
07780
24543
01309
80213
27802
22675
44263
66934
51404
20306
49106
08738
89316
36277
62628
34068
33034
97199
12075
99541
32083
80638
31157
06474
77019
42947
71122
25763
03115
31163
52887
07997
12332
51578
51928
64172
92676
70548
64874
91431
71332
37162
97393
31293
04349
15112
10648
96583
51672
45191
66034
97782
99297
04392
88235
06546
47362
14567
94467
54536
54499
71916
50288
83117
80886
21962
42519
64652
66007
28377
05465
56357
03519
46463
75839
48513
42050
45738
05730
65956
85030
00857
50068
54028
39869
21667
78074
00256
61837
18443
64282
98589
68745
71785
34612
02573
52744
41507
15326
91674
22246
36506
33083
16736
47930
99656
17521
40041
52024
25368
14648
13269
82948
31094
47514
09152
29382
14641
25047
10108
00256
09486
72527
97960
57278
33730
59202
78967
22547
33329
51643
71375
38414
36245
56545
32732
44108
68525
26802
38136
04999
42706
25215
70176
67399
77845
71367
83448
07418
11924
79782
06194
34487
64491
99984
46411
07747
90959
13891
64692
93912
15791
83414
25749
90942
71755
42388
43081
80610
19487
24825
60541
08247
98234
80206
93380
74142
84542
15354
35067
79720
31243
00712
88674
33676
04024
68920
20675
13130
85681
06230
04157
90405
42336
44453
22580
23751
85854
79874
96909
64777
74725
94156
99509
19318
04553
35952
56328
82803
78530
00187
57217
36901
65285
84424
02742
78147
95580
50775
47606
91402
83829
66193
95280
25044
14932
36567
53491
05080
42518
47366
13972
81051
90767
44837
36785
80224
25142
54760
57450
68486
93593
65368
44427
18750
41030
75982
23056
78644
15425
76391
22035
62010
84916
89274
43508
78146
14869
20283
76985
04099
14988
58117
11355
41447
96531
83322
84552
71990
96245
37336
60133
88674
85538
17029
03233
54752
36330
90607
57924
97858
48114
44329
83580
60437
95053
21156
70735
98224
40630
80452
66882
41203
41185
80221
42257
96623
10946
80043
18169
26088
47836
34430
33273
12975
61658
21241
78170
52146
29056
31202
10539
74769
51592
11585
43451
57236
11635
40498
55540
70334
04414
41334
84156
80095
60805
24081
50680
51591
48199
18680
79975
53073
79618
35903
43818
91823
52643
84288
98254
90705
88104
17061
68761
38963
29717
15047
20711
38077
70492
37313
08187
23277
69112
63431
39344
03484
91286
80546
12059
15945
56393
92597
67387
93616
51314
29775
36976
70330
25872
21770
23715
99799
24691
12039
94773
49665
35568
97232
46136
31603
79698
45158
35567
11716
37310
53991
36125
20155
74247
39284
54604
24937
98768
14135
83248
09997
95012
08330
51723
27634
64633
87176
81176
86893
42557
25575
88791
63757
93103
37536
88482
77433
35354
68389
18586
88715
90144
01411
87168
15142
58457
34692
98849
35048
39198
48884
18484
55799
94094
57382
17942
47375
75889
95822
13914
03438
28066
04199
38048
01225
77274
26957
20654
53908
28813
45589
13866
03383
82851
76226
43591
90852
62238
25181
40947
97220
09948
61652
93036
77047
37901
32294
05111
54748
34619
82140
90738
10802
17875
30608
30450
34927
31922
97670
23883
59229
59065
74529
08127
83880
51810
70759
92275
64564
86174
27390
82080
48291
24578
21768
25988
92044
47765
37321
28685
82039
56080
31016
52373
16804
62207
88589
14886
24307
31614
67291
09344
39534
99182
04213
53611
60429
88198
94280
46704
65607
47566
43107
88985
52687
85197
32193
48933
07839
58994
59886
88256
53232
24479
91973
53676
07640
50598
38343
87031
24393
18112
05884
42838
45642
08693
99698
17952
50285
58979
71033
55975
99994
34450
59961
44270
10760
04288
37130
07973
46913
12819
36701
64567
33869
05846
98802
09732
62934
29100
60242
53273
31019
47255
28820
69941
60532
67138
62251
36968
79979
70287
42826
11814
01986
90712
23343
35605
31441
42367
30197
76001
45011
88327
43725
72590
56186
15055
41908
83097
59739
38534
66757
59506
07111
57810
87247
28205
09873
79561
45798
22417
33749
76138
14389
89496
97895
03387
93245
31586
61010
61223
66999
75416
08511
06642
85281
30618
39284
50878
03019
60881
82696
64592
30987
59584
48034
88007
31893
84511
72240
31163
18752
14661
54580
50113
35505
59828
33076
39956
87484
86327
21281
91297
67851
12731
46200
28858
76333
73163
23765
52006
75693
86247
58291
55201
10772
33993
61101
72665
01212
11451
29847
01593
49770
95395
93606
72454
41767
02101
70206
56825
79038
92512
42868
64517
47927
13687
52901
56223
66942
89963
17357
28093
99168
67873
22779
50463
98805
01083
59189
53156
16943
10121
20595
30769
90036
89167
84639
66029
27943
71960
03836
01396
63864
86609
58785
70445
95206
63089
16777
77396
19459
31548
95556
60972
52053
42284
06235
78872
55969
04438
72028
98118
31944
18524
90775
01033
09513
13620
66889
24902
53955
41872
55615
70389
26319
30016
27057
72172
17841
40198
16632
66500
65914
90909
35936
34994
18625
59908
22690
35637
90828
09565
17061
32265
72683
05068
84206
82686
88148
09260
28386
56446
47387
71074
45185
35669
01478
95762
06922
69367
55959
63719
85481
44739
20848
31872
48071
63321
96879
81634
87555
50091
39621
24109
44718
12493
00289
28752
30263
04786
13111
63148
48369
27557
18391
07359
69703
65313
14178
70081
58843
27838
46630
43763
25814
13567
10130
89770
93362
47501
83037
35988
77797
54996
95097
57390
76831
50384
89388
08501
00681
06470
72079
56178
85940
69258
20060
72934
59836
89627
88359
98334
87813
49256
33920
60427
58089
34443
72035
38188
00117
10043
52671
89807
98696
55098
44136
14713
56670
20187
82020
72416
67909
16746
87203
48843
12203
12253
40094
01521
33617
66645
87467
36669
07919
40707
27702
69192
28086
34374
05967
77946
27854
18256
76035
02880
31253
38054
35805
75692
94603
34885
21180
97051
96099
19390
44283
56260
37472
39110
68779
91897
91085
71964
26065
60192
43133
19318
77762
41096
97734
07398
15582
54071
85557
00046
05093
01076
55214
46472
62765
93574
36698
07290
55308
84650
45330
44429
02736
87461
72695
74263
97018
48260
18686
94811
39391
29864
18054
48884
07100
63340
83119
22385
89082
63764
45206
19306
13438
65358
48599
66980
58346
48997
05772
37924
07336
08346
24841
47132
75065
48478
76577
29389
19871
95775
24089
82738
91913
31691
41602
27263
62144
20586
76236
12575
38330
08779
77856
70150
93841
71141
70892
40601
09775
90326
52619
12335
78673
39062
29134
55615
52761
94449
44808
61850
17597
70548
39195
72975
22729
88663
02534
82723
76664
81317
65157
61785
18950
60972
90673
23263
89976
41272
28915
76936
19247
79649
41765
19493
05427
22979
71322
55620
27142
37976
38568
74762
68444
43234
60115
52010
30768
77390
19145
74343
90984
47157
59460
02406
26730
61747
25411
46402
17721
10150
58458
77279
18906
18650
71533
22472
73458
82698
91684
56050
67293
84601
84989
50091
47126
58821
14270
55590
27803
74161
95849
16294
71662
88775
13597
62082
76689
18222
98608
65769
10812
16558
14124
93462
96791
69315
10756
79569
67287
97623
77667
44573
74435
83118
61967
38538
61277
45620
53296
35506
93773
22765
49211
47342
22439
03328
82887
24967
82824
36682
33692
67977
34617
21269
23162
98539
75241
97850
87524
99151
98574
10656
15008
03035
41944
08829
84938
00842
17747
65671
49044
71962
14912
78266
35582
67484
53374
75707
85776
84406
70492
32560
07224
63658
32719
92042
58744
88873
79111
49077
31030
40948
07045
47650
14220
96893
11203
89202
36845
62734
84943
56771
09168
38088
20321
28888
64746
73666
33445
32724
94567
77371
82340
43460
59406
12154
34896
68351
41296
75729
32396
58756
10160
36366
77999
30062
19642
75826
40749
85980
23982
95538
97618
15679
99102
52755
69381
64329
27423
50719
65506
19881
99123
08552
10242
35001
77058
60166
40756
21381
34097
35111
16434
17561
50288
00826
41742
04297
44664
82966
86912
36305
61261
39668
33490
09540
77666
13194
03816
67913
05277
00024
48980
76997
15723
15789
32072
75156
18404
55819
19890
12258
84171
32898
75031
62828
18233
32351
62380
58405
63987
25417
57005
02988
37698
32753
70791
31167
46648
85601
06135
73227
33984
11579
25718
89809
33719
15644
16549
57377
63436
43514
13728
16369
49921
90120
69424
20729
87649
08668
93775
18421
62344
01094
01491
89085
82447
26072
73325
21547
15921
02136
24177
60372
88427
03770
43312
21960
31724
00817
76296
89527
32839
66423
90030
84138
24804
91799
12228
05788
04126
86655
96539
06300
98002
15820
10064
57041
75671
86954
10948
44953
44643
46867
72942
00174
89392
10374
01914
09823
35371
23336
44292
53378
17453
97298
59909
25554
65372
39990
27952
67042
71186
26456
50547
76679
24724
70430
86677
81172
08342
58781
82237
05362
39905
11473
72789
07692
75681
55938
48210
35984
38261
51411
72010
30367
87620
67554
61333
52779
66994
22467
74813
78065
52055
69078
29172
25762
60890
22365
50963
44454
53480
64807
03404
01675
07020
55003
89257
91121
42070
06344
15056
91045
70791
93210
14110
70674
79132
63030
30434
75345
04064
28581
62309
01868
34423
34688
44454
10855
76063
84980
03379
22106
96615
49023
16432
15198
36024
86135
15970
48549
66432
84789
61709
09811
89014
04091
42941
21732
13973
41965
48299
43769
64658
61918
20960
00539
12410
55036
07643
87267
67112
15189
63537
48918
16933
57718
14747
78034
99144
71529
07745
79959
05043
63780
87155
24042
64963
32108
46520
97063
81499
99273
08074
35048
94313
11532
16269
79597
12023
08669
79911
78006
71594
73398
81020
24867
24070
38402
82529
04735
20388
58187
71587
56133
68774
55949
30868
15007
98090
19374
57273
34565
02968
65356
26917
48733
32962
19076
35879
52492
08672
13023
49706
41306
66684
19039
43675
99019
35593
99601
46350
44904
43328
43278
07944
41359
50808
25524
01473
74482
73700
94223
87940
69166
43197
86423
86995
41133
89135
47399
94667
59851
32123
89016
46915
79173
12216
28378
86810
05292
54320
32106
18890
33175
59713
33395
05021
19535
36280
43690
64594
05946
65384
19561
85102
57420
49058
83176
73348
14493
65713
73955
73974
61433
68480
46312
93114
01483
77289
81575
06922
87424
79999
71530
51682
86121
55194
33780
90755
48799
25413
73330
94407
79009
51052
72139
00133
80487
30971
57478
65994
34202
19725
92014
94942
03906
40062
58283
11747
27995
27382
96122
68630
08340
10779
27057
22525
56266
83259
29588
55161
49441
69287
75402
43901
30294
45853
83338
40605
51245
64399
78580
95024
14504
89656
67967
37520
17164
89259
90161
59793
93915
20354
85098
58640
01028
89357
98052
58591
31726
51879
40225
12171
18889
06283
82633
86420
28754
54481
87166
38620
73159
52388
54210
19016
91527
33601
73280
06273
26853
63673
34525
02798
04299
94816
08943
70253
23503
19905
06040
70686
70208
22145
67925
15990
09619
86303
20536
13094
55384
04206
83455
27878
62539
57666
27715
34440
06498
88149
58601
99393
82617
45874
86828
55449
14136
71800
60585
94820
30029
51796
15109
48398
18797
38480
71909
91467
72061
32531
29003
61032
20920
97678
72625
15347
21642
96645
96475
62386
57700
53450
68911
14901
40876
80974
20937
37326
99602
79369
63983
32917
49114
90518
72764
14429
26982
91363
55365
87084
30433
95287
20320
65420
83496
54773
16153
02193
07132
87761
39627
86969
03890
20081
05607
69796
08358
86404
19804
27879
09116
04050
09088
92085
40154
96399
24103
69980
13100
32639
15446
61598
33949
16026
49782
10504
73857
43308
38464
16740
50445
10298
18594
23249
11852
67839
24469
10786
59396
80805
49437
25083
59262
67390
91120
42483
75500
21302
60488
80230
88498
36652
89746
38138
24787
81600
90440
66941
27786
97805
59796
69271
66838
38236
26632
34014
08497
95845
97495
76056
16983
39641
14739
40152
51501
62984
08915
00063
26372
93713
86099
60279
93207
65927
04377
27848
71913
40719
40240
65671
90657
99735
43891
46768
85913
77286
79929
18959
57658
92154
15640
25523
18945
41855
53546
24408
24665
95429
39385
36272
35941
90477
94480
93328
61963
63505
31072
18745
50177
40893
99312
83974
28016
73215
85886
30331
69587
32372
51376
94404
61960
06780
96217
26745
76177
38902
68249
88395
17121
11092
63737
98175
31074
56897
14835
76000
19236
17813
09346
24290
58184
38730
83377
58296
70054
37728
96030
01951
33303
64766
22672
75557
52968
00372
97941
03307
62869
65044
63887
84523
99256
75025
06270
08248
62007
76798
65465
35692
38565
91818
25465
51497
99552
05197
49292
73612
04488
05703
58317
14099
77001
71570
15631
64629
39543
71765
63075
31516
67096
05342
61532
71391
43949
41535
80320
99412
92380
42289
16613
84650
13587
13202
91497
78097
61108
63985
17630
89253
30227
66008
92611
84007
79283
66630
85760
52568
71015
07336
14118
66896
99284
14976
12995
28774
81375
21279
14139
33606
59471
31486
78631
00316
12395
91772
88501
85813
00411
16120
31303
79724
08915
41246
73764
81006
35589
43819
39800
99518
96028
10416
41428
62904
84248
88323
38630
44929
70475
31025
79848
09785
55653
72562
84871
21782
44767
73378
17699
05900
80317
47205
53937
32865
18415
96636
51645
12379
44485
71453
33663
13898
22728
49069
81241
45903
42450
26122
26664
53203
91158
92836
20987
67969
45175
13201
69458
75951
56602
51288
24000
40390
45905
97387
80445
11921
49929
19881
15685
15275
52199
71256
12911
55638
16451
70752
99473
53756
65776
91204
30139
07025
15715
43303
32068
70181
95152
43273
72035
73717
65339
31876
91458
22384
53500
80028
02026
98905
13701
91814
06702
61852
64343
75964
55305
49122
64436
01721
13752
91475
74020
23933
42374
21346
47281
38219
11843
36696
31551
75222
24053
96170
68669
49924
63367
37992
59982
76879
59549
46843
69534
26295
78580
18963
29461
83685
30304
87786
83376
21562
52532
44434
73916
05412
37156
74147
89833
43889
82402
93130
51760
69503
64206
65593
99582
49641
18420
77359
99981
80813
60616
95871
60424
20731
30376
67851
92435
60918
45652
45179
14470
17199
23953
15215
06464
66601
19137
64048
04808
15502
07571
37754
03443
43704
54236
83044
93510
31211
60610
24438
99005
67864
33907
21911
79115
14372
65726
14294
76834
81827
89083
56025
98359
11728
40166
87745
75052
38618
74204
27281
99982
07301
15090
99473
85276
64818
36446
82827
93902
99908
31001
42051
63018
97132
12501
81655
81560
03210
42458
51813
37463
10572
90120
98032
38354
81648
42655
86198
94310
68465
33919
50403
97324
42424
35664
86719
20340
06502
85873
57313
32987
02910
69941
37124
11591
85431
66347
29568
54906
65915
41076
22347
42554
68217
64508
95273
56361
08415
14098
34286
16226
44928
36894
46618
35794
99520
21666
66391
20091
32563
91593
00704
27090
86480
66643
46445
12267
88561
27187
13809
17422
36853
39160
01391
31810
41760
03778
22966
67393
26908
52472
55100
39916
74866
61012
26414
10609
69746
37653
83122
35882
67382
93969
74676
86042
01610
74669
93286
72160
34569
27291
78956
89417
05913
69814
36705
98119
87566
31184
96308
44959
24288
19316
55235
01888
86549
62604
02084
10079
84543
55756
00458
15317
25611
43137
74938
52422
46681
27511
59993
03249
68149
99142
89692
65598
52393
57506
25025
51410
12669
75230
84145
71228
12993
72884
36456
28469
62191
70885
41282
56541
01574
47766
46838
38559
83661
81931
35062
78769
89416
09438
00714
17005
34503
53233
59656
19994
92684
84682
66502
81939
35464
45239
65959
11974
80012
55848
57286
86265
56398
83469
51980
17843
56707
07777
03639
17384
33772
40003
11640
45633
82646
16195
00811
34844
54645
65914
29005
26743
20619
03088
24187
90153
17282
13692
42834
12278
45648
79618
16209
24679
43874
89692
63753
34243
93139
71906
67372
28182
88854
55693
01890
66856
63956
54364
82514
55117
26394
52264
10065
24006
33200
40008
27801
72976
29196
90638
80344
74822
02726
99979
34558
16417
92302
71097
51871
50192
12037
71859
56861
67627
95525
77871
96733
20347
78701
18687
68194
56890
64136
04532
07552
17509
52608
24040
44719
63962
86187
49413
36130
46631
83969
97846
04769
65928
79050
39209
78670
37423
70424
61292
29249
66027
50050
01938
41039
29152
11833
04303
85427
85530
46719
47082
84608
70239
66092
28279
65985
59367
54549
20069
45608
29416
94992
80059
56461
22552
20772
31073
25151
36595
58359
55818
96563
71114
93789
96301
84524
34878
01369
00854
02411
88457
43757
36758
28936
70720
42605
74949
91942
01795
88647
00645
93171
93420
56958
91080
39733
62703
67380
50861
71936
50563
26802
65673
02079
27250
15102
27497
41757
12771
82468
07976
33879
49934
45304
30017
17968
47059
67392
07110
44877
67482
94143
32426
57055
54154
17999
59372
16911
54553
00562
80447
95863
16583
85386
81124
73956
28829
25327
72000
67828
68446
76578
92720
76244
49837
59828
50564
32708
08308
76550
98851
67018
95550
57453
37218
93532
70276
92094
28560
65008
40915
87080
19780
70587
71517
03472
04227
48470
64705
65650
95566
57805
57061
12148
35751
05004
34050
40305
05961
19107
30823
13804
18717
33658
67435
76818
85691
90019
54723
61464
84166
54329
61424
97705
16687
05828
99550
78079
80682
89982
59514
22686
91032
89067
69277
34018
41839
12724
74701
10990
66607
61567
18873
31584
15496
52064
97761
37698
42216
88554
67771
18106
35712
31359
25222
16803
79912
07912
81269
53368
93060
38887
11746
83607
17019
71532
21667
14410
99966
01593
55656
04969
56732
70708
73956
44493
14228
45666
53769
67622
24076
16125
75239
04325
02850
26904
48479
85592
82579
13553
29551
46749
08794
85291
45935
28763
97781
98300
84448
90605
12571
30946
55725
91944
02659
03973
75420
62070
75327
61417
85741
90726
36095
73844
04622
12065
09683
48603
23108
57956
37621
24266
01032
72173
36808
56902
78059
59756
28654
31582
21365
92062
05346
52196
24812
75648
54887
30608
05472
84528
23424
04204
56320
72264
96366
28838
51375
22523
40206
28153
30774
64397
31105
35245
81639
24971
49392
67011
48263
93700
83615
67584
21651
74617
56762
22089
31469
96475
22570
86651
02591
73526
73950
14127
72544
35986
26314
79979
80912
10768
22717
26010
56067
01684
37677
28966
95732
51524
88881
02230
31545
31407
89315
09318
45375
08122
33394
02381
78739
15878
28923
38749
03296
37612
01541
13513
99764
29509
75927
70745
54470
13203
24690
69689
48267
17335
96042
74364
14824
68747
06817
25577
19606
57689
28066
04001
47796
26981
63662
89883
37812
99126
22096
67568
61978
44011
67753
83301
82446
78711
97979
20391
66010
49003
27458
34829
28094
20060
84157
95827
90455
34619
22149
30479
23723
54277
68935
38051
20707
32619
65748
46024
48745
06571
61295
72576
85465
41202
67077
09085
98935
45545
22881
10917
54709
82386
20259
13392
26313
82653
92958
94641
64322
63859
07925
87367
93388
84301
77195
32990
23105
30817
06938
01585
37274
21761
44765
34735
28956
70975
63328
10798
77286
27205
46492
06539
29199
33585
49175
01829
09196
92454
75051
83663
47608
75563
13555
26081
58620
23897
56428
13743
41549
88735
95677
01731
01768
20451
86571
02230
26667
26981
67320
42613
60397
25547
56960
40362
58706
27545
73483
38901
23690
81246
31609
07245
59968
36478
22750
00108
36236
45510
11956
72400
21231
15643
12115
34262
86471
39735
19860
29752
66103
59708
35595
14431
15101
01954
46346
25742
48307
12967
85826
04796
74499
43341
62115
08055
31625
42107
95051
37637
29378
20141
06274
45481
91512
69888
12192
88470
14040
52667
87886
28390
47146
45433
29419
84703
02337
71020
20111
78397
30209
92964
77488
76171
62086
08073
78965
98536
46954
03780
93358
02219
94362
78576
60795
04710
08278
90512
52528
87238
87078
13455
16961
95770
61795
15504
19593
49387
44349
35181
77225
24220
71907
36420
45397
32677
29103
77734
79844
56664
17420
65622
11147
05180
52434
23140
77845
58679
17606
85533
84995
90050
61993
60239
93542
89755
05430
65072
78452
97665
57961
46787
55808
93635
43678
62490
02494
69567
49352
19532
18701
51331
15184
77520
30951
63674
77226
95261
77569
76367
17888
91230
96377
47518
51054
92031
01812
84474
62282
08712
80434
87998
27716
35492
99109
06126
77188
30677
48646
67196
55619
15376
16676
08155
81113
15117
36040
94059
42394
30402
15623
17231
89407
58271
01292
07814
43374
76357
21292
79283
49741
79072
31139
91419
96231
33784
55273
69769
08951
63470
95953
60668
89314
17756
89649
46879
76554
71920
06699
48208
31552
13435
07717
60641
19834
44623
65917
34401
33497
31876
83166
12364
99708
59471
36892
87121
72116
29779
71266
31077
47790
22812
57483
86315
47559
19003
28579
82080
72006
56712
91718
59777
73049
00761
27463
58579
00714
08322
94105
12492
89891
23326
25484
16357
97328
03376
42303
11396
88439
49870
66335
14591
75538
91749
49859
61956
05270
68940
74357
77035
00811
24940
41301
40168
74882
92005
76842
84817
09236
36063
12965
62008
85571
08135
59933
20364
76224
44534
65366
89355
57506
93369
53974
49622
72246
14380
32823
02676
25447
55208
04775
33840
51760
89612
85461
46920
07605
34043
94325
58097
51389
70489
17376
22105
84346
07714
53305
31354
16777
46596
46655
07785
39186
67534
09291
73920
65904
74693
77237
99276
34746
80682
52702
16983
60733
08829
44772
37685
47441
98937
55469
50552
93016
85248
23719
43200
97788
33296
40533
15802
06904
03394
30892
99576
39653
42406
57376
75652
49087
95610
62524
35454
54017
23692
94513
03256
46117
32934
04911
85349
20088
52780
05195
01199
03400
80963
40060
17284
08141
36653
99110
60366
81660
65319
76209
83411
27036
31326
98873
58161
93487
40317
48156
82009
19282
80611
96142
40396
75012
72246
27145
19596
84385
43580
25985
41303
08650
63128
86714
72849
42909
50118
58072
17363
38298
28652
59208
39445
78185
75344
07280
31911
34732
59226
24995
34596
71114
71731
97863
48210
22105
23906
30580
46811
72756
54906
81492
35708
39169
04165
57985
08638
44629
76387
67142
93588
32303
24278
15243
65503
90193
00617
18303
61648
25561
00864
97223
61085
02985
22086
91981
11473
38463
37880
69062
36921
36682
44769
41146
91390
59324
44462
95813
60742
14131
75157
22480
61760
59046
45740
00984
43069
76796
74121
13246
75212
44030
18693
53762
68523
82924
06233
98013
48798
42521
56147
36241
69199
72463
89956
86988
22349
23255
79661
80105
12631
03914
75998
83789
20457
28890
32853
11469
53578
05480
99523
63795
84153
54867
10360
54962
15969
30459
14873
03967
31960
99652
24096
15088
27537
44517
23258
16833
46348
26773
58101
32647
89232
80780
77703
01805
46841
68685
51102
41126
50158
45577
85069
22697
47558
52797
06066
08750
17228
06231
46890
64471
57838
23355
71240
14023
67832
38752
77979
99387
54318
86192
25140
10216
38294
67080
28215
68903
61730
74020
84221
23664
24246
40533
44318
91196
27774
47821
40878
23834
09074
52952
42243
56934
59007
77077
64496
78984
41993
10902
86772
32763
19736
80167
62741
99189
49218
04384
04772
76300
62667
83245
72479
58419
30335
61094
29747
04205
41369
06990
31649
78430
81679
68314
02110
57921
56798
00289
07472
99219
60312
78339
64263
95651
24690
37338
78553
11644
26994
37362
49714
60996
24100
63849
73115
54991
42773
56458
24706
73155
52325
81901
59825
24631
29586
78171
76450
64162
65497
75592
94445
07818
26029
41171
85916
74881
20898
38792
74599
11431
85829
50160
16512
56710
88531
19022
85939
29165
95236
93431
56265
09092
64934
65152
27875
89049
61789
85680
78467
08754
59370
17407
40224
19727
44857
93918
01337
24893
96922
58061
64230
25096
54670
86450
20981
05634
68315
70637
16872
26986
93536
52417
80273
36558
34306
55961
09520
58128
55554
49626
39958
46412
07236
26089
04412
66947
98194
12068
50486
73785
53849
93110
70494
14910
13487
39012
47389
87919
41852
05773
80824
75792
86373
73846
92961
82080
53386
86467
83354
03586
97835
30933
64686
00798
24011
15709
12116
82940
30204
14585
60508
87515
48811
80645
05102
63053
76499
29860
18201
26291
82508
53109
55787
44059
96347
56776
79697
73123
78754
33110
02050
41711
83553
70171
71463
84237
41286
61886
32408
94440
30363
09856
22529
76024
54746
72909
13149
95218
03918
30626
89111
96864
88862
82788
26359
23875
20894
65834
95494
11663
45636
16838
69388
97793
53927
95399
92997
53841
81687
03246
55107
15834
38721
80611
89297
17663
42803
80501
46573
09270
04535
39268
82766
05368
29272
47445
89334
19815
45750
41502
64620
67839
23639
14750
18057
70820
41726
22292
06289
89510
99518
58716
95610
88187
58798
83185
23194
44452
55190
09328
79437
57118
93421
38738
05782
00764
43102
92635
30485
93638
45321
50479
94980
68532
98112
98324
13769
37473
70572
37016
14431
56502
69128
67356
56932
25825
12857
62786
12944
55809
91775
84155
71373
29595
16287
41506
56776
10769
55351
85845
18700
20524
56621
54535
91564
18098
17458
91301
75570
68653
23058
26069
35671
29469
40624
66381
99688
15802
32503
35195
09492
21162
17870
03064
00624
84364
84372
30130
67229
97762
36609
36252
01310
02017
71580
66545
39823
09311
39789
30120
98823
83707
64767
05467
91081
35799
14057
74607
75943
99468
74994
55608
03752
52143
99954
85723
66904
31341
13206
97203
32953
81606
67442
01439
09564
50600
29906
93105
37368
45528
55136
32172
90010
23878
16144
84075
88399
19475
86814
60095
96798
83834
30673
70412
85572
33798
66949
51215
74813
63818
48143
97799
11274
22655
37044
97659
69657
83804
72890
05112
20399
18824
90044
93623
74248
75021
15703
70321
89411
18036
82466
07550
16571
66915
64942
97310
27658
82778
96843
04380
90249
45666
87998
71119
52619
12952
13842
04872
28972
21397
67542
37511
52584
85697
46051
30963
03071
38686
32346
15115
89971
33720
55878
92625
02731
69305
99558
99464
11188
15712
12475
71384
50647
73026
37733
13393
78766
78193
86004
73263
46721
59875
19816
17618
21200
36762
79341
00571
27815
81976
55259
93366
52944
53689
53094
37065
44993
64582
39834
86366
68507
94944
35043
24552
78197
44090
72444
42764
53023
32841
58470
43558
89633
74858
56331
30735
69463
87874
78280
56416
40523
54281
77120
18286
22112
63783
92826
99927
31521
34961
97104
24092
69343
63990
14390
16902
04366
86988
10845
64508
22620
11999
19433
90614
40269
17499
49708
08344
52831
01699
35722
43437
47975
16427
08911
06954
48939
03116
73305
89686
29042
66221
58823
32252
42362
01374
51316
32605
10667
32196
73457
98971
88933
73083
92535
69683
42406
62445
48536
88141
18184
44363
50540
27881
82084
66797
48338
11914
25077
71464
10146
60025
20441
72161
96360
30812
79238
51500
00359
09413
92817
91729
31249
00531
23388
86206
89559
72380
23469
17332
79727
49236
18110
69709
76262
97712
95232
62419
75098
28704
94944
07808
37591
17113
17343
89900
16790
60886
81909
63574
44357
54464
84108
13274
38024
39981
18261
16958
23479
13590
91964
80552
53266
61661
87393
06362
61633
24298
37896
29912
65455
57878
91889
29321
58699
53346
47005
68989
73158
30282
53865
65973
76290
63163
10831
82731
50044
72558
53309
21395
72063
25950
13350
11554
98184
64415
27049
79688
68665
11900
67485
30932
54291
96348
14204
64225
75769
38978
34540
08254
17192
88034
72069
13797
18639
23544
66431
80928
65388
13830
34352
36547
07575
13792
61229
97558
29905
35087
78013
30258
93458
19469
25875
29033
86967
83330
42267
32918
19120
93430
36091
41706
15342
13937
94097
37703
34843
59343
78667
57962
55385
60663
31466
24348
60527
81206
13451
31488
64374
11831
58847
23498
96861
85522
91915
33931
17550
26670
66656
51320
98024
69096
60380
76731
04387
97286
97601
22780
09754
56525
27058
03859
02421
30748
76564
61664
02172
20961
06702
11284
35036
26492
73961
31717
56012
81949
52788
63892
95009
60706
25112
04847
66973
44286
56316
02599
48436
35191
06721
54868
94364
87167
49423
24239
76935
97236
13826
27682
56750
59824
69052
02256
34669
75789
69958
19102
29057
92585
88011
07593
69515
81322
65011
09161
44079
85987
15782
37912
71788
46041
32827
76094
60859
44810
54054
12890
47360
17597
53279
80835
99500
83044
94808
20010
69430
99444
27343
87569
39874
97420
16779
68319
61090
71707
48566
79893
11709
60569
09829
80817
44680
47028
96918
84809
03381
92197
89588
65416
56084
00676
23847
24080
14204
09554
57164
74972
32654
76368
36070
01386
21233
64956
20603
51689
06690
70423
26570
06111
66559
20451
80466
06003
02338
09698
16980
10609
04429
94584
33851
47159
17898
70574
81625
36641
02148
32802
86363
91234
56673
07383
36032
35058
62513
88208
76542
12889
28852
18781
64314
36850
09541
43758
49227
61234
81479
14016
02775
82706
81321
09838
02409
10219
23791
73231
01132
49654
60239
64902
72002
46080
15614
62689
91651
87206
80303
97326
41760
82850
80087
15391
95299
41701
37574
49551
92173
46469
26038
49430
96051
50929
75084
28415
60938
06210
04469
98546
71062
55669
85455
40243
60653
08496
92456
72454
42765
24644
89243
37474
34856
74903
70972
62134
36253
87082
85414
61889
98347
96554
56047
34891
49864
99439
20984
92414
21325
37774
27609
65801
81652
27459
74344
53383
08447
63550
75232
47698
42491
78471
54737
85465
31839
20555
59322
91060
92491
01114
06657
49333
16898
61767
29412
45359
87617
80060
91051
77170
44233
81853
02394
94668
83455
76607
38552
74191
18437
19893
96170
73027
76377
70201
05577
30868
08329
83879
82613
16292
49571
44207
23636
28742
46133
38551
18820
61416
60980
33606
51766
96246
36199
94205
54784
23886
56263
55292
88528
54297
97950
43791
64615
89175
62015
50057
50067
66154
40861
80742
33338
11047
39951
62113
33633
44413
22548
80374
53917
08338
80720
40104
77970
72776
81428
81805
34132
80703
83098
34211
72754
05250
76143
39348
37768
83422
92311
62244
54382
43308
59843
03453
27590
06899
34567
23312
14926
03277
62546
01849
91553
77607
38068
91583
36400
22867
55959
14113
08919
52084
02781
33380
29008
42346
73881
81449
54887
37812
79131
21436
59874
93423
94247
59759
91437
30037
29250
93138
80896
65411
85632
40520
80370
27415
36557
72813
21675
25826
19727
77481
48730
01863
87435
38693
77159
83460
14519
27313
80425
03845
32443
53629
56125
09006
17294
59705
05387
11344
37430
62573
18765
29506
76707
20773
45044
34686
12856
36347
59474
29722
29484
53436
70177
51514
94256
06784
27279
90685
33657
74838
45195
25189
55683
38404
25548
36167
92417
14677
49359
57704
37440
51423
13093
97132
03316
07147
30607
20555
59765
51148
05834
65492
55857
57061
74285
14643
39611
89336
59196
91016
11192
01618
13815
65770
20894
38638
19201
16389
96614
79334
80747
46151
79911
44386
13870
38624
44619
76255
43673
24424
72253
38804
22776
50851
87521
72174
09023
10978
36643
33258
18525
54281
39679
05571
78022
84078
92160
87549
80399
93764
70371
06608
77673
34656
09346
20438
04061
95542
95641
48515
52528
20634
68712
05539
67719
61568
31243
52441
90287
87279
24072
63809
67490
18412
35987
32658
19993
66656
90493
22308
89360
36785
38276
53281
96717
60078
87380
49894
85026
93541
87069
80355
47422
92593
06267
22572
15461
51654
39476
30674
53356
37259
35151
81215
29067
41714
85399
05910
41492
70994
34415
54106
45352
97272
40435
25542
47231
08709
69279
09304
57149
24745
93034
57394
12855
76884
26164
62478
52452
83742
87004
77204
84027
59386
76958
51402
85773
00458
20963
93557
25956
85775
25577
87335
13886
73986
05778
03284
88859
74740
11780
43773
45417
21111
83307
11116
65813
34925
46066
43769
25804
59315
60844
49954
23926
35425
66036
56738
90312
86036
15940
76943
10498
60681
14447
89051
04003
13453
73316
38837
26623
82594
28825
61608
13578
97729
78959
92228
24797
32805
80636
47626
82636
82440
11017
37738
03990
85658
73854
98389
91080
27782
46311
05021
36074
63525
41567
52297
79206
91031
30634
19673
51579
96831
06248
95249
84762
97652
44293
23482
47509
69707
71904
12588
04965
39976
77212
66757
46032
50475
10003
35669
35347
22739
43356
11370
45045
87437
07357
96046
65264
78625
27638
12585
68649
93422
66098
03982
91008
74176
47747
35070
47507
01751
90574
77301
27388
09522
41738
57961
11846
74155
76749
64471
87666
82162
12168
14530
93054
82761
88929
66990
61244
71437
69695
41009
13737
57771
03845
77318
57780
87532
76486
85231
28224
85990
70336
76679
48663
85810
26641
36844
76939
77036
45221
95965
78565
24126
48059
65127
63722
34955
64500
54396
86453
53655
68670
59661
65713
40371
55900
60648
96736
55813
85109
32928
85335
38185
51668
09115
50506
23397
40000
19807
60168
95133
95363
24940
69804
25605
50468
55889
51893
49248
57258
34527
99131
23552
82455
20088
52332
74740
23042
29418
89993
16628
43242
38811
08394
09934
69413
65642
80227
04079
07166
81022
99562
06869
97791
59441
60122
02300
42125
06931
76262
44427
99174
21651
21946
18547
26192
54531
46494
19047
47511
88593
68545
81094
46332
97404
90062
24443
55487
32950
87811
95061
44510
62963
07743
46786
29195
67062
44747
42477
02215
93626
20890
33655
86117
09276
34731
02366
46546
69304
09363
11030
87501
87777
68050
07620
64540
18302
05316
29976
28560
38484
08716
09133
74633
14827
38086
85488
12915
86838
83624
25444
98765
53076
28723
65953
71006
27951
21039
22051
48787
96547
51500
00199
23501
48867
58478
96343
18137
11521
36171
16689
87400
37167
42900
71102
43415
23201
44388
04385
19482
94293
90295
30142
83797
10725
44560
06999
99138
43881
24760
97843
35369
88537
72270
95416
97913
89994
57942
45067
35092
22156
34462
49135
46094
26271
32884
19697
13451
86269
07333
33604
42732
36143
29154
76819
62686
41288
02543
66007
00309
87824
63183
52214
92142
86406
30377
74071
67099
79222
70543
80791
89914
37469
71173
84731
53582
42006
99714
26789
57581
94795
75121
60666
54437
84526
91345
39067
61493
27141
00223
42553
26008
99901
31807
92468
65231
78494
97308
15958
26359
23644
03472
51333
60570
81794
83416
57001
43781
35189
56144
27197
61047
34690
38337
88788
93057
60778
96290
36503
39041
39584
52509
40970
17731
25493
04543
19910
88514
07482
25620
55521
85293
78104
19509
29058
01370
89712
42424
65686
23708
19211
88845
15932
99523
56287
34835
00971
98628
97143
76708
69954
16097
89437
94526
91493
85366
94402
92655
26436
70926
86197
22676
10680
45485
08032
46241
73506
06853
22607
18742
56625
45414
54384
22027
39499
88001
41678
99915
92735
68691
43672
38433
61707
76689
60590
02881
92668
60259
07302
90911
64519
89344
39083
58631
86955
98492
95569
95779
05420
71492
24048
39921
16334
67146
04228
53350
49499
07342
50951
14371
49756
33976
58916
08918
62873
14876
63615
96302
08078
11352
42214
33143
50647
70243
71324
82445
27703
36066
99354
09459
87420
59772
48082
91754
07132
74128
47626
13155
06081
66166
41766
53533
63394
17413
23039
76473
30815
58681
44414
66736
44843
18120
71181
12434
53661
42391
53611
90916
07890
08907
97372
77935
13037
09852
11967
92539
39695
87607
06937
03302
53480
09960
77534
05389
42738
03602
66363
73500
98218
11729
00229
38972
70611
40769
20767
82946
26863
56583
27256
01201
94845
44613
98357
39739
60871
57126
67233
16497
85105
14869
44670
71771
77123
67843
71562
78893
79546
52283
71682
06934
44242
87201
14192
10036
81540
36345
29008
18501
63830
85921
32086
71525
56288
87204
23527
50851
77115
87837
31140
88851
67058
92678
63837
37380
69473
92443
32836
33969
28147
18624
35386
11489
44790
66004
60403
86262
71459
72932
55199
43642
87951
28511
27725
83149
73974
02567
26931
13204
44562
70480
32767
21033
57682
90675
59170
72576
86905
69749
38272
64950
46719
76203
42043
18033
17620
53551
71034
21609
86954
05305
58687
84647
85613
44958
39009
87226
34935
63660
79768
65755
79245
83122
40327
11593
87917
82832
74594
34335
78183
50585
55084
44316
68455
45759
44186
22100
70903
35788
60432
59767
40256
06846
09348
24204
14107
62383
96923
20042
40496
19093
22861
80562
82185
71956
50488
41196
01589
38018
51038
49093
90872
19555
93089
14335
08741
63650
58440
55191
27719
68472
09687
61424
51881
89852
70693
87683
95648
13232
98226
69256
70252
20770
79152
40675
74975
49134
11010
11752
03308
97782
50097
78071
77076
45576
35256
24060
92579
82036
10771
17752
02863
04734
47171
31854
66385
44710
69923
50813
02441
27114
31244
88549
96239
38825
39011
70176
12788
72331
81391
42431
92838
98686
33501
80351
56337
55917
73935
42760
77793
57948
76597
09185
98807
12324
45557
86240
75196
14479
53200
83849
94271
31108
18225
85337
11187
60518
09103
03651
68935
38118
37066
64353
02895
73814
49164
28532
82962
01834
49629
40975
17089
53454
24758
77505
01691
80163
76558
60153
92111
24202
82597
59890
08231
15895
77366
60377
75540
31706
08241
80375
90587
41824
42640
78370
63977
01749
72806
61020
09873
85864
38226
80918
94621
64292
36330
36744
01942
77511
42088
55768
09892
74219
32644
52882
09999
55462
56709
79494
36832
70455
62085
18298
83308
47686
93651
12524
58472
55467
62818
16118
44734
02124
45420
28506
64037
15336
33839
66790
96624
09790
30849
53745
96820
90085
43751
37925
40922
12914
12177
70172
42551
37897
73925
19703
15175
58592
92309
62547
38134
59026
13390
52607
06548
44185
75760
06488
55091
67820
14106
97298
69127
44927
83483
72663
78575
37740
05560
59157
63062
33275
86914
67573
67687
96304
93736
97366
77996
70619
52211
78207
33693
37778
50172
37510
02354
08314
46208
88205
11253
40412
17660
14828
34286
79223
07069
92069
37689
88494
35639
07271
91086
98984
55588
39102
30954
19696
87307
93893
80424
93729
02080
78758
90680
70489
83510
24475
63355
30052
37345
16569
13505
06216
24845
61594
94830
85036
46244
53218
43317
95723
76700
73452
45596
73030
04852
43511
29970
98250
14736
50644
14205
52888
88956
76530
53435
23685
50785
29184
48162
96589
83259
67172
45977
52257
81781
58725
86868
08115
03388
07510
38585
33578
24488
91349
70387
85062
79442
63422
71588
83478
23674
99149
72234
55974
91505
76785
45019
98634
02841
67260
43746
81026
84278
64867
19747
75325
90125
90415
19199
76283
18261
22651
12474
75551
79418
76402
45893
46775
20139
54320
77729
51632
80642
46935
21119
32933
01587
20732
80060
12697
35611
85319
65220
05612
61829
59573
72454
19710
40624
84452
01775
32567
43656
16449
38855
39454
57986
53517
95454
90169
96604
19584
00373
82752
51902
34455
44904
92114
43955
90295
83161
35670
12441
71959
63388
55058
47141
59083
79948
26976
74437
19192
33813
98652
54212
09663
48674
27607
80048
90206
88777
70739
82017
84320
38637
77002
16782
17363
74860
06411
40630
41588
37334
98615
45698
42667
20103
50289
01134
06288
44300
79665
31576
72298
45115
30723
81905
74131
98954
34990
13006
07919
25890
75340
61268
04789
60833
15905
90431
83273
52315
00267
27862
11770
20485
68627
96889
66017
27301
01801
53528
56262
50528
53414
41373
33914
99326
57792
02283
68183
18534
47494
84152
53491
67109
93129
96575
61495
48688
06071
07634
73557
82135
56267
85221
89118
46128
19940
75620
07465
86389
93159
89026
34101
49311
47169
04261
65608
25852
10196
41254
97700
82614
48992
59734
51957
69555
34853
65977
71507
23504
99417
61767
15569
21329
12385
30472
93808
43569
39645
86026
68819
76901
89527
84510
12578
61915
95968
64097
06845
77840
97764
68803
86479
10530
12882
73473
58983
16901
99000
41521
90170
52274
36186
13949
41708
76922
45904
97768
76427
91024
91700
00065
88284
26966
99061
74245
15125
36328
87657
96383
57985
26400
54735
10575
51362
06446
12391
98683
52237
68321
50379
33565
96928
41294
02171
27455
76328
74538
16254
14677
72004
43287
22737
16805
34040
55440
71835
15573
31798
23300
56886
11985
82782
94147
80984
41082
68900
83404
10266
91139
18639
70949
61744
69419
25288
03822
36829
13777
57470
02869
03827
86267
50914
83460
30268
04487
85489
12362
15763
55718
96595
98359
87362
60392
48889
50715
81198
75392
24478
19152
84559
98794
64353
53604
77185
15337
99643
49752
97234
08615
27694
60598
36713
00048
25856
47865
86388
87030
64688
83786
37476
47965
66387
59763
10143
57151
69674
45715
97167
69588
67959
24160
43033
87482
79942
04974
01172
30152
04674
27004
58851
86494
57502
27683
26688
68707
59698
77715
82369
14485
28497
03827
49192
04617
01241
32428
32835
40668
32943
94824
31206
26643
38156
25371
98262
66098
19374
24769
89181
92079
94395
69212
43028
23585
91029
28940
50319
65089
98188
02827
87556
54274
62372
91854
25406
83914
59210
09094
42288
89088
75331
26885
42788
88676
95703
84792
17209
99293
51363
96620
13807
49192
87327
12112
38014
06202
29305
76468
86124
12812
26805
46035
46085
69007
77585
80552
92091
88896
05518
01557
55220
23866
27364
63505
76809
84474
06028
21429
11177
67531
34104
50613
24694
33573
45411
73822
71945
03592
70512
36763
58636
34430
29498
59262
77026
35369
45891
75706
86841
84924
77002
94681
70104
18448
59362
94487
43981
65266
23646
62563
25449
89708
47173
67481
90175
60757
44957
84006
87044
70914
96954
31494
36682
75963
35426
61933
09784
54515
15065
56273
91695
20588
04817
41106
56736
80599
40176
44022
52871
38688
70643
97038
07951
15759
38550
80786
38845
34601
36018
38007
14718
39128
01240
93003
25099
08276
02366
10828
24215
07186
19367
28316
54984
48144
04983
81407
38960
42661
91592
24535
65143
02972
83131
00930
37804
33767
03436
15379
51588
43787
98293
47909
59743
40140
50574
95646
80460
44166
58170
93420
08789
31842
74249
68682
30257
67423
33363
11327
67524
46340
41194
77863
31372
37607
51026
39032
14168
21608
60403
15898
14011
09871
36836
44483
10301
82589
59042
56646
01245
69727
27541
47853
77048
83635
32331
05434
01207
56404
18646
38622
27298
14492
41885
77843
83517
93214
04451
43608
59805
59482
23243
40498
92615
15999
21828
23693
78965
76776
19491
57269
42681
28068
82411
72273
09960
99020
38027
66070
79197
40241
93565
94151
18106
64163
68045
83762
45356
97064
85559
88425
44851
56046
85193
68972
82149
89640
25732
99070
44052
80953
91753
99351
80341
50749
74519
15196
76389
34348
08981
32419
68324
81468
53558
02450
54735
91419
99790
68742
31110
36958
50647
60271
20022
84243
99087
30137
27528
47393
57160
63368
84962
28508
04350
16011
29996
73266
39190
37816
79359
65321
63052
95829
09096
95154
75809
30049
94833
57941
51728
57946
97124
21269
03689
55618
51483
92871
86393
53910
38421
74786
51891
85572
79984
00790
74234
93012
61291
28474
30434
82839
91007
76813
47495
40967
99050
72737
53874
46033
19902
68638
19612
71012
80363
67729
53226
17802
23520
02611
55798
67930
76379
13751
23790
59769
33340
78328
43178
39929
89978
68253
53953
93161
98203
03881
07522
28297
50663
27509
40883
09568
18730
49870
03164
22097
02040
30018
28199
93339
16539
12838
59080
94074
85538
14443
35312
76939
93511
79741
84241
77969
28694
56180
97407
34104
88033
74742
44101
46264
46733
32002
69023
38639
22675
86247
82638
63983
83284
78257
65516
53889
34164
53804
94305
84151
46539
68897
61495
80592
19773
06087
42659
92320
94108
58861
86976
16270
87979
79512
95250
49771
36565
31156
90841
69894
91794
12879
26761
07427
29352
86921
19396
81340
57473
24012
91924
00074
29141
08429
09746
21850
28653
95508
60226
94870
51527
68854
29646
42481
27373
79284
87452
97185
44887
91781
43201
39721
85549
51122
36497
51228
02076
82942
52364
05939
35597
76486
29205
23227
62421
83423
95550
47741
69952
82297
13730
02862
28632
20655
96321
13457
08770
10041
32291
67156
70635
45773
70524
18862
92472
41436
18382
54259
00523
22502
48366
09012
84306
22426
15516
05805
84904
97335
15305
78055
14302
15257
07071
68492
69013
75710
79579
15408
47450
33939
94497
14098
26364
03200
87752
53583
63135
92712
17335
56281
67828
56303
83941
70686
72496
93574
43543
56810
46688
35572
75492
48130
48767
30920
90549
28832
91885
03092
78024
29767
11493
68489
18235
19034
78889
52736
43580
80224
23932
80966
46840
14693
36694
91030
83524
82025
54843
50592
04069
07485
04346
04501
13558
15756
91522
06128
35145
30079
07840
74272
21186
13196
30011
45497
56849
73707
12718
35707
15869
90428
45081
70031
68095
09774
34998
06122
54649
65269
18249
24780
28682
18388
16085
32586
59273
92661
59202
25437
75408
36873
79472
95637
56735
87814
72526
05707
44489
51742
12639
73013
33950
16359
27759
17604
20949
04659
64986
06343
28441
43559
87157
38117
38856
40412
73106
56747
54472
61884
01393
95761
43876
95849
05837
35653
03055
65193
78781
88251
37217
17626
13882
69335
98814
34616
23334
51571
75164
64297
61961
19507
99405
18599
72893
79840
53790
76783
27964
45889
25480
92010
38036
93892
23377
05834
51705
55905
64774
97278
55152
66161
71988
16059
02964
31205
75613
60401
12560
90945
88012
84945
10938
18407
49947
49248
69458
20831
38500
24688
46969
54728
60721
66333
11816
63491
64865
45041
08363
27708
83283
64237
00867
17489
55161
13677
96290
68823
16967
57960
75145
12423
76275
07394
29987
90372
55074
86149
84507
84298
42344
77883
19102
25168
76002
08542
62987
93951
72301
38640
00809
28717
89509
30074
87840
55076
13439
41311
88754
54170
52987
74524
19601
69851
10290
25304
47657
01936
30285
63772
84837
38579
29971
80655
57780
06308
89196
08677
15012
48327
14289
50021
39906
93512
68342
81001
80447
77325
18034
75310
09224
64618
09045
19469
04129
86363
79659
87626
96698
42755
96924
58441
84219
06310
63615
66159
04142
46421
97175
77277
55690
96273
02159
44361
91475
92229
43731
45887
04783
82222
02733
87005
63603
17515
09479
73942
26237
71502
90078
26884
72701
34879
26216
11062
90957
24285
93088
80386
74369
82571
62554
79890
97195
27481
55690
66953
46518
64028
46554
56457
10838
62901
38807
44046
83265
27731
76007
47050
40685
63061
08518
44545
88254
78785
07430
34873
13348
11019
55851
85213
56649
33694
22052
25113
40909
48689
02060
98988
08770
24029
72290
97345
62188
53477
93526
67596
45992
63250
42448
29353
19853
08686
46797
48099
34166
44512
99587
58844
20182
31397
95100
51915
94675
16305
18373
17514
90834
21426
10199
54871
68853
23807
05110
06117
71943
71773
72210
61516
61055
10954
31745
08281
83293
56533
82993
23247
27044
48906
37250
01643
73331
75931
84131
55979
90010
49181
54904
56893
01830
08175
86937
80856
24423
79160
92375
03208
15535
16236
56960
71137
86494
83558
07477
68910
80384
96959
97581
78180
66308
84713
15519
43944
54548
11685
42494
18103
05095
55892
57056
89504
08728
92385
37045
79353
80410
26265
72947
62227
94732
87204
54899
75681
30696
26720
66626
18600
09698
51709
88305
32677
13749
69626
11552
20225
04123
51618
80508
59748
24081
37540
31370
22315
29532
57838
28463
77407
87642
57002
77819
07372
40499
63595
63586
78080
38809
10648
74275
29091
33913
54589
48319
70058
38626
31894
51884
36367
66729
27501
34481
43748
71285
23032
91941
25490
75826
23512
94139
25009
21492
28817
45090
06950
95326
15612
22320
55989
80686
86198
17085
06979
72755
20412
95684
99507
75044
02012
23012
86223
38561
91287
06039
88720
76807
12866
31041
32081
47462
77695
20722
76114
24062
93439
44420
14174
57035
33352
12060
03259
80308
72159
31912
91700
39304
42229
08292
05513
65020
91049
87671
08053
67199
88606
31693
97214
86394
17994
28066
07564
39252
63885
60326
43234
14933
32248
34320
87714
95058
35031
13423
45897
21781
63262
34277
93544
27737
35694
97487
89545
86864
59186
37816
44734
42785
79148
57949
37045
43053
44041
44435
35473
96803
25618
99376
13836
91082
71707
99001
25755
52263
21786
50767
95872
48786
10735
12471
38342
88616
84097
39314
28252
21401
20691
45977
32364
75524
38020
10436
29953
60124
52224
71421
14001
36221
61841
13154
08317
29056
80939
57094
70477
27407
02577
07914
12484
19781
27269
67088
04743
29765
68253
19865
37057
41188
05868
15944
80232
92752
36179
55180
48515
66441
84291
25799
80590
26142
04300
37052
25770
46314
17226
14713
88543
58560
85084
95977
63615
06946
59428
48247
99789
00156
15249
10136
39876
39906
19618
65218
62860
20761
36975
03575
55737
42335
54716
51004
32707
95278
08202
69932
15743
15532
64514
74650
68281
27696
47995
20722
41968
04861
51284
35531
95533
61065
53483
43140
06745
70474
11936
45309
03139
52415
51276
94453
18702
79474
43263
43162
84548
39165
41974
86078
65473
85859
95461
26400
86514
89081
40952
69554
91222
67222
15538
83252
61760
86566
96024
53239
65131
15595
22631
57691
35535
74278
69301
82860
06381
88823
92265
46135
01678
64576
58460
86209
70670
51384
40638
85881
04662
10391
12081
82179
68902
68782
02349
97427
67826
21730
97223
95645
79462
24014
70888
98230
42268
02750
06429
62523
24609
70767
67843
79684
88413
17927
83839
33334
82497
24788
43360
97735
00853
57031
97694
63823
38022
75965
67931
81869
43062
92061
45886
67992
79973
89775
50232
02357
45864
87236
55701
68986
39715
18411
81123
96869
19900
71832
18211
02605
98691
57546
64189
67422
50459
89813
99197
93863
94271
38418
33816
34486
61970
78159
43225
38961
00716
77629
10567
14045
17309
62492
28453
66176
64374
67340
63867
72650
82538
38385
22667
67977
39504
62360
19195
37028
25284
42101
31786
09429
49463
08514
48569
17141
77502
99416
13893
76866
02494
23667
73261
03649
06727
42104
17965
91111
75999
41042
50640
78385
40397
21266
91066
14799
86640
74759
72798
48911
41882
07381
34656
98921
60499
08156
33384
48415
32988
80048
41233
48719
72389
97991
14117
31913
35980
39448
06664
41361
11829
65210
38920
34931
41039
40321
33819
36154
92520
93938
09545
26991
46373
44367
82201
11971
40953
82693
91767
21827
16416
56830
55531
18437
89090
21560
43150
35686
20546
21250
39125
57391
25917
47525
60881
22599
99016
88739
51597
72976
87054
09308
21889
30493
78371
12744
77156
31659
61838
88067
78211
88898
55690
35336
58958
77578
02722
17578
69270
00247
63597
59647
88296
37919
52769
79573
67955
26642
68512
30756
15954
46993
10054
01808
19398
32182
89891
47971
69162
81300
14391
73763
19771
01138
49488
00674
94735
29748
34604
00115
01379
08054
75855
94377
59137
72889
43071
64405
45378
50518
14479
00252
33516
12227
86649
09476
75998
60669
30937
82748
36333
23017
04549
81146
88359
08737
78426
56562
39764
59086
46302
17088
96021
69134
16505
95736
75358
32621
94302
63377
37684
45358
91527
81594
41743
77807
64824
12399
94334
74821
05764
26180
51871
71517
76873
03516
06979
37910
52024
19136
38625
53938
30666
22088
58073
69078
95297
20002
85087
88546
40364
60638
40700
26523
01072
93641
36896
23616
53955
70809
32799
04898
44848
05964
80807
10289
43212
89912
96465
15454
94168
97530
11829
98682
37171
69139
78846
26466
85184
39999
80744
77108
20412
47748
52774
25753
93456
66087
80283
50161
28349
77706
44053
10932
33059
74808
93254
97566
12947
29348
43724
65246
24926
45535
68723
95639
66202
31762
99734
74525
12412
71841
27880
34869
65019
35113
00100
35883
25280
25401
19129
41068
27982
70718
99886
90437
64208
65511
05596
91649
85573
54685
84149
55966
18919
10789
98361
55683
17153
12052
49836
77820
56470
19123
84000
62734
02635
54244
95154
63386
23225
21499
20971
24290
53624
72853
48846
66257
97191
80492
16730
98207
99659
78815
61092
28607
54439
46464
25720
19486
84590
46310
47284
69016
16080
39063
01332
12443
04543
64811
47705
21758
37839
93005
85495
08150
77028
49488
72576
54578
52165
08251
56161
89176
29580
06099
03373
50196
54013
64001
37952
00184
56058
87165
26602
04555
88682
09813
36872
31798
51207
26165
95832
06198
27713
77389
83039
43644
22273
67603
11217
85858
86873
24926
58323
74136
74319
59460
40807
44795
85913
00349
27611
01002
05170
03480
50117
21627
42840
50028
83842
22884
40388
15686
36127
86949
30111
15960
44922
42778
85684
81263
33985
57218
53711
51815
76704
93040
29018
01204
45091
88777
95536
26530
23799
70508
92541
60959
38051
17752
96363
83745
12512
38793
78231
47212
59017
23863
94566
92850
62747
47832
10480
31221
05546
27994
99663
59040
10735
07210
82802
24038
09743
83035
44784
40631
69202
21634
26413
68725
15228
46293
48022
48526
83904
56495
50865
32945
74392
82935
79210
59407
35470
05984
92612
94073
22957
77846
79101
46520
41329
34440
80319
08261
82037
95224
60188
56638
25296
63619
97025
07795
19485
37044
90315
92738
09643
65817
39661
83518
35306
63776
83020
19565
93852
91821
44697
09860
39007
52355
65101
41607
67180
34825
20192
14508
99803
18274
73995
38791
08501
44631
08607
57976
75365
58433
25458
32441
68856
53317
59052
80209
45960
73107
19916
72748
87944
48221
41486
91590
07990
06266
12503
99031
70977
22401
33607
82876
17072
94604
69179
51913
72545
44632
93701
38571
08680
11631
77169
56409
20799
91139
47841
05857
16408
44244
99384
00631
20326
05197
02560
09099
80106
74654
52109
25092
89164
79488
54753
94149
19183
67417
13186
22206
65438
14793
94124
16591
12906
14767
58956
22462
00314
03569
84392
23179
78877
66446
30348
84208
34024
93511
50062
36139
57919
07045
17372
57329
62347
58229
57471
14012
61094
61073
77930
02847
72093
26140
68378
40412
16910
58860
44982
65749
39815
13458
29413
37204
83074
95846
83704
07527
76387
85441
77637
05496
33426
91014
01917
37352
55508
38024
71448
60734
64253
96130
89473
05373
03048
37797
76087
22053
45615
05089
07514
16372
18220
36407
47755
79450
41090
15170
17516
73356
47238
80626
18715
15717
86980
14284
63086
12833
37952
15155
63297
86800
67403
30717
88039
45304
95862
18709
06080
70769
84179
76218
06704
79179
49203
12655
97772
85198
00354
60327
09796
56089
04491
05820
92577
61410
60155
84829
05376
19758
14894
60505
46019
35811
84702
63686
81716
89806
72762
90074
24384
49896
22476
85937
73637
39434
57525
51820
59160
28589
38151
53279
47920
15784
59480
02451
83457
89696
12951
29714
04066
02785
96091
93818
13107
93704
34236
73133
94858
48250
77282
63316
56048
30178
75456
76573
40039
08013
39398
60061
42734
00484
53149
94955
16126
79465
34426
24493
80768
38394
00404
17482
16352
33161
13408
65784
10638
76010
60275
16102
66993
64430
93572
69282
02087
47216
41032
89587
87599
03281
87577
70241
43154
24530
67008
58882
60865
10705
29574
07242
09118
52771
62927
02520
33923
13855
08277
91176
82995
55989
08179
01039
87284
59212
33749
51542
48796
90012
35583
73546
62473
99534
20779
24326
34641
45850
32348
57667
57609
97330
91675
30251
69930
47170
72829
98292
78369
15689
11971
98892
84819
99238
05098
14672
87358
34852
03786
60104
55862
03313
08081
42737
13694
92172
87346
97706
34930
40309
50359
75271
13707
73710
26195
11527
44978
00519
18202
43282
53924
27440
08358
40354
19227
70880
62330
36114
59219
72572
93533
18475
91245
87718
41044
15366
09338
71997
03855
10895
41010
84969
63979
59258
31335
82596
74200
21110
44156
86669
08383
08367
48133
12024
94769
88638
96609
38133
87914
10472
15780
01040
06567
05279
01146
33503
04020
74768
26991
04625
84436
00841
02866
70637
77448
31187
43150
26088
36326
34458
00533
27289
66426
76191
69350
01142
97265
97363
24454
29104
81049
76466
22767
72569
74553
56304
44343
03169
48500
65210
52329
85012
16003
40335
83691
71096
18919
68134
27446
04933
92479
35257
80322
63120
92529
75398
64072
04218
45656
54968
11602
26864
93580
71521
73494
78909
61961
24116
71941
64527
28077
98820
84398
55815
60254
37604
82010
78398
27906
13850
99688
93331
76761
68391
61394
89303
06579
50596
13765
69997
17533
05496
60728
76814
32884
50577
57261
29526
44257
30655
39678
84228
78837
42311
97692
65772
34229
79714
76240
48646
26911
04110
83867
45940
59695
92117
05416
67894
25302
57462
44265
29240
07312
42969
06208
71005
72996
83355
05519
33494
69774
68010
27201
19079
41208
15765
17367
74047
28814
55639
71190
11568
67647
53352
86477
01300
29433
98342
45432
79570
52493
10247
28170
93319
71253
76798
78999
07714
89562
52326
19822
59133
86603
75088
85286
36371
72867
42535
23267
96774
20296
95513
08835
36668
51436
64814
65426
34546
20096
73559
28016
94340
37587
82054
21163
55468
50826
38578
75357
63100
49702
55540
62209
58270
25012
21275
62605
13781
70179
90900
55336
39567
72412
56038
93764
21089
71240
75310
56198
66226
97819
48908
78743
99483
97157
07129
37744
32436
74517
93641
57562
04821
73671
86316
52396
62547
79628
11001
73361
98021
99974
11412
47806
58535
63271
02997
26172
10372
34648
70320
34047
85923
08162
08355
34536
08752
22730
52965
55110
53691
57978
48665
73133
01890
61784
75235
59639
46310
92890
03198
56690
56874
54764
99759
88445
02918
34985
76836
20476
62415
22795
89595
08139
84551
81509
28194
19588
79321
35649
37343
02351
74395
38058
65604
16142
65560
25733
58804
53930
42673
40114
56006
35768
66155
32750
54953
76769
34284
81556
83467
45964
30374
89337
82410
34874
12714
39373
02820
38847
77709
23113
32747
18929
69368
63780
42034
71095
15480
34940
25890
81032
56614
58700
24976
95094
20025
45886
70464
60343
94331
02756
84975
88995
50417
35108
89114
97856
19731
34379
75802
68848
66360
52187
73188
24048
89990
44284
28232
29369
27779
81392
10707
09259
06162
74017
15985
38077
44065
79138
13160
87247
54691
29912
47707
41475
98153
67647
05653
58525
19462
90607
05941
83503
34194
79170
58739
90533
05023
26242
74448
39401
10239
39575
78249
90720
06687
02146
00873
83650
91691
83561
93076
08428
68028
44325
94704
21834
97215
65103
75854
39148
07137
77696
93715
66433
42511
15094
87709
76670
81138
88958
05615
25207
98889
33623
90143
31229
54094
00055
20630
49034
94736
23210
66962
54319
13037
82080
12550
87847
49435
94942
59256
26536
12228
69905
59850
57282
51249
57144
86296
65332
20653
47246
45903
52631
05988
57511
92502
61834
26868
05286
40484
26701
27605
29675
70936
43438
61448
70220
02136
09502
20837
00966
68927
95475
59747
26102
72566
52757
51921
78293
84486
37614
10388
74582
53772
29416
87097
71972
59801
77732
42058
16108
43685
87758
94684
41420
48399
44544
88901
90219
80993
88777
49213
62286
04012
34042
96112
94061
24263
43717
40535
64240
65273
37482
98221
22893
44835
35256
29311
60074
87615
97911
48763
95772
19862
43141
47474
47564
81336
95012
20666
49141
86377
17989
69798
17542
54116
64559
33487
06637
44446
46971
17216
73332
20188
14044
17684
50686
89816
11543
48484
80747
83406
16656
95209
66481
34431
29263
31147
11313
01011
68022
42679
58100
61906
25163
54059
53538
84106
05112
42081
11105
42452
38652
30395
22364
47639
49034
11922
27107
58371
71220
74345
71902
75381
60137
41571
59627
35476
24860
67172
46423
75785
79532
74709
78417
88122
37606
00834
97553
61924
45538
71736
38519
75993
15825
32150
87721
44076
57554
05753
21410
81856
58985
82449
43545
00736
73847
45567
62542
49664
05389
31237
77951
13729
72706
39894
81487
12911
98923
50581
48698
55414
76459
74330
32830
94069
80833
87428
44196
14170
98922
15747
14341
83388
69915
50055
23701
26974
25922
70167
17041
59403
69692
47591
92134
04744
86220
01240
41901
97682
54657
02189
65909
94936
43492
16498
70451
78396
66721
49691
85702
77612
55876
43626
56252
15041
45792
64094
42320
65892
43694
86306
11719
17187
70040
89255
54930
66030
59296
71107
20783
62987
30203
22222
18916
82301
86897
93231
59522
04516
35586
43721
97055
72071
00990
46874
19111
86175
67934
81896
21810
35764
09721
08066
55557
46595
51855
34601
79955
28818
21536
98675
25879
05315
25338
29906
04616
87677
86828
06197
78613
49640
04229
24766
77924
72515
15042
87475
08187
23299
09926
93476
80114
48326
55275
96104
33849
66071
95470
65756
10210
62009
02330
24419
66831
05296
66131
06191
02925
61904
38813
96945
62321
84106
31541
46548
04107
71219
30284
52357
67678
37269
94642
77858
12177
40716
99886
44019
33829
04323
98490
40541
48004
24555
74194
68731
89393
70136
98852
59394
02431
22549
32930
91881
39981
30274
94178
85746
88356
63598
94156
60469
36375
61907
55708
01848
22369
43394
45926
20044
71076
54216
37526
84613
35441
76859
80049
16019
05281
25052
33826
28397
81707
12287
62787
11447
03563
12481
28009
04662
12490
20106
47755
66074
26425
83054
09657
45524
26586
05641
52573
62208
22667
03660
68489
69409
62633
96006
84503
02441
34836
71986
32385
36803
02770
55043
11948
85726
59712
50649
96944
13245
91926
74632
22551
28577
77116
85290
63688
12502
99373
07742
48755
70209
94592
04235
00184
45457
90134
60523
88777
21123
48996
35064
98608
39309
75612
68883
07592
00434
57829
87038
60942
91780
39868
71423
40093
03090
24979
46421
11994
41967
34028
49984
15589
09560
67035
54642
69436
67340
58009
96882
70979
18286
68288
85996
24435
62098
69627
45650
68921
60854
46718
49657
10883
44272
49036
75590
66483
17386
81059
96168
50996
14149
91371
82103
11992
28601
58359
24417
57474
89557
51021
02615
22788
56480
00195
73044
63131
56735
89018
11109
12814
92153
22473
43617
72488
64902
88375
18055
95100
06785
44502
22933
01470
85701
33149
14972
56918
79196
31223
27388
79831
22091
99688
10425
87638
49571
48437
51645
12701
73806
57731
44842
21447
35444
27599
57615
87236
92896
76277
98394
15434
50317
06686
14304
05271
35244
85495
79820
54518
40985
26513
58754
27100
22055
28142
34738
89213
51047
67451
25152
83210
39360
70251
89576
56642
11152
53087
64559
36380
20171
90718
42904
37587
51122
89662
91173
93761
42840
75345
84730
23510
87307
81444
38335
44968
11778
99829
01188
39163
10066
39181
84395
73067
36990
73826
94390
75916
78777
38315
60358
61709
95514
27379
03301
45793
43654
33341
55685
56145
45522
82635
93156
66247
46676
77505
12273
90647
14427
23024
61915
30602
66784
92631
99556
55179
86853
14668
98095
77599
19518
23881
94830
70126
00670
61643
51273
97442
85779
96945
11068
24881
98734
21034
69130
21417
79709
51022
52500
57718
86508
07888
73148
31772
43893
64993
97015
28823
26388
84388
62823
81084
47023
77300
10294
39206
55864
69592
81240
56450
10188
18266
04480
40418
31812
95704
85516
38589
17265
44127
78354
02737
09180
54913
03752
10755
04466
16665
69270
25816
15057
36567
06446
54072
98976
06817
99614
03206
48484
00420
91029
52647
10635
50409
13400
05408
89957
82605
73239
80357
55581
94633
91030
21413
35628
78693
94718
46477
89891
05317
42640
90705
97707
03163
67337
51233
69299
44777
00052
91513
87071
34241
01319
02787
19940
57199
87940
08082
69792
64698
35527
50979
65500
88291
79361
95164
27238
62941
64322
43616
73348
74670
06873
84709
01909
21162
92714
12995
13367
91146
78617
05698
77884
88012
06639
19524
33300
22730
03804
12172
57033
79814
45156
50639
77754
53659
10823
88331
51431
66588
60479
00466
49324
61387
32281
52985
78452
74491
91521
86558
24520
51182
68699
37220
71132
51544
70891
97426
02288
57057
00075
87863
85829
58913
25709
59807
15414
41678
70582
45605
60205
13238
11216
24167
13275
13897
95599
73606
25201
66036
78400
